1.5629295196512082e-9   5.00000000000000e-10
1.3784592733987715e-9  4.859792638890694e-10
1.1659144011798357e-9  4.723516898603235e-10
9.724757667205218e-10  4.52623475648617e-10
8.225295611543669e-10  4.462322378278065e-10
6.86062428617781e-10  4.39931247029254e-10
5.41169526546467e-10  4.3371922892625914e-10
4.577265042618844e-10  4.275949271861545e-10
4.577265042618844e-10  3.605113577091057e-10
4.577265042618844e-10  3.310260372541245e-10
4.577265042618844e-10  2.8309010859279727e-10
4.577265042618844e-10  2.4908036898975256e-10
4.577265042618844e-10  2.1000319763870188e-10
4.577265042618844e-10  1.821648499038132e-10
4.577265042618844e-10  1.6028001916616288e-10
4.577265042618844e-10  1.3322620596344155e-10
4.577265042618844e-10  1.2585924704102227e-10
5.41169526546467e-10  1.2585924704102227e-10
6.671790862882171e-10  1.2585924704102227e-10
8.576958985908981e-10  1.2585924704102227e-10
1.000000000000004e-9  1.2585924704102227e-10
1.2157617759008846e-9  1.1393369967645084e-10
1.498847941357704e-9  1.016817795412478e-10
1.9001499684190692e-9  9.074737606200937e-11
2.1245782310305805e-9  8.57293528665608e-11
2.342593693016389e-9  9.074737606200937e-11
2.6560877829466946e-9  9.743494403440278e-11
3.184419707833565e-9  1.076335511484203e-10
3.9259014538176585e-9  1.2232996846125707e-10
4.5772650426188436e-9  1.3322620596344155e-10
5.0469651168844165e-9  1.1722074185294666e-10
5.564863876983323e-9  1.0024598915463549e-10
6.488154934780284e-9  8.098880939430393e-11
5.884329312027791e-9  7.436493764326357e-11
5.1898106766241676e-9  6.731863308497354e-11
4.5772650426188436e-9  6.093998736566942e-11
3.661308835364055e-9  6.636806508095759e-11
2.7696458648046567e-9  7.227963531005956e-11
2.1544346900318956e-9  7.984521263118493e-11
2.0092330025650542e-9  6.731863308497354e-11
1.9001499684190692e-9  5.839477126796874e-11
1.7969891485325993e-9  4.853826362516967e-11
1.5412702225087544e-9  3.9214099379132774e-11
1.3593563908785297e-9  3.2595115147441493e-11
1.182298865168711e-9  2.6333617834718714e-11
1.0283032587766236e-9  2.038638113823193e-11
9.589990607460028e-10  1.8194120953047566e-11
9.196791985117082e-10  1.76839310157415e-11
9.86141859328832e-10  1.6706069397317772e-11
1.042753888853771e-9  1.5339721849065126e-11
1.1338235012178543e-9  1.3306264664639582e-11
1.303621502071581e-9  1.0598344536618757e-11
1.000000000000004e-9  9.325085856880744e-12
7.459801523487971e-10  1.0301151352697449e-11
6.765548789727899e-10  1.0598344536618757e-11
5.487745210560164e-10  1.2217978625084992e-11
4.577265042618844e-10  1.3690156816728862e-11
4.577265042618844e-10  1.0598344536618757e-11
4.577265042618844e-10  9.193411640634239e-12
5.046965116884417e-10  8.322307859704647e-12
5.564863876983324e-10  7.587503675418e-12
6.671790862882171e-10  6.3518064403717535e-12
5.564863876983324e-10  5.628596639613324e-12
4.577265042618844e-10  4.987730723358157e-12
4.577265042618844e-10  4.2654567109569535e-12
4.577265042618844e-10  3.3974057309177047e-12
5.722367659350243e-10  3.54548631363069e-12
7.054802310718688e-10  3.700021191389161e-12
7.998900656338807e-10  3.806768586975914e-12
9.930467558624015e-10  4.326549446853408e-12
1.1497569953977404e-9  3.9165956964007825e-12
1.4174741629268136e-9  3.495422524543355e-12
1.664225304700255e-9  3.209540676280251e-12
2.1695198914988723e-9  2.803945855778725e-12
2.4944206719053647e-9  2.2814749175414723e-12
3.2291699999439167e-9  1.7915190973808413e-12
3.9810717055349855e-9  1.4680998145049031e-12
4.5772650426188436e-9  1.3480276099406746e-12
5.722367659350243e-9  1.4785759919503568e-12
7.998900656338807e-9  1.7045312881455663e-12
9.86141859328832e-9  1.8563581706271127e-12
1.2501717960549321e-8  1.621767201094779e-12
1.618418779184068e-8  1.4067832399134503e-12
1.995262314968887e-8  1.104670939313286e-12
2.1245782310305763e-8  1.0288504822175562e-12
2.5829810031980873e-8  1.211651688607295e-12
2.969800477406462e-8  1.3576469670876295e-12
3.22916999994391e-8  1.869604911349824e-12
3.438457306945538e-8  2.449606705483677e-12
3.6869450645195884e-8  3.1642205838385666e-12
3.898603702549088e-8  3.86129168348411e-12
3.7649358067924786e-8  5.0591683527735515e-12
3.6869450645195884e-8  6.3518064403717535e-12
3.585464728475116e-8  7.862112362138685e-12
3.438457306945538e-8  1.0598344536618757e-11
2.8480358684358165e-8  1.230516459897895e-11
2.358996370701605e-8  1.4286861055025874e-11
2.1245782310305716e-8  1.555942764826899e-11
1.4373937679631095e-8  1.743422631678295e-11
1.92685256227975e-8  2.067836858134984e-11
2.1245782310305716e-8  2.1888742038230587e-11
2.8085673867344836e-8  2.0098516683182514e-11
3.712760796764024e-8  1.8719030116067454e-11
4.5772650426188436e-8  1.76839310157415e-11
5.0469651168844165e-8  2.038638113823193e-11
5.802783448666209e-8  2.5595184421705342e-11
6.398241170997726e-8  2.9089982348995707e-11
5.722367659350243e-8  3.4997190640704836e-11
5.117889550210759e-8  4.1509430601093773e-11
4.641588833612791e-8  4.853826362516967e-11
6.093242812135455e-8  5.438677387076184e-11
8.458098281751363e-8  6.22538993148235e-11
9.861418593288299e-8  6.636806508095759e-11
1.0283032587766236e-7  8.451881759414845e-11
1.0427538888537709e-7  1.1556553464646974e-10
1.0427538888537709e-7  1.471711180827797e-10
1.1659144011798359e-7  1.9282756240131176e-10
1.2501717960549295e-7  2.3198442959433752e-10
1.3405182387914784e-7  2.712665829795293e-10
1.2677403197404114e-7  3.3816320752000383e-10
1.182298865168711e-7  4.5910625307015604e-10
1.1497569953977404e-7   5.00000000000000e-10
1.000000000000004e-7   5.00000000000000e-10
9.069341548063822e-8   5.00000000000000e-10
7.564633275546321e-8   5.00000000000000e-10
6.05087500727296e-8   5.00000000000000e-10
5.117889550210759e-8   5.00000000000000e-10
3.712760796764024e-8   5.00000000000000e-10
2.7312637228008525e-8   5.00000000000000e-10
2.1544346900318912e-8   5.00000000000000e-10
1.7475284000076902e-8   5.00000000000000e-10
1.3593563908785297e-8   5.00000000000000e-10
1.1497569953977405e-8   5.00000000000000e-10
8.819714875603614e-9   5.00000000000000e-10
7.2544762061368525e-9   5.00000000000000e-10
6.222134488428811e-9   5.00000000000000e-10
5.0469651168844165e-9   5.00000000000000e-10
4.037017258596566e-9   5.00000000000000e-10
3.2745491628777452e-9   5.00000000000000e-10
2.5829810031980875e-9   5.00000000000000e-10
2.1245782310305805e-9   5.00000000000000e-10
1.74752840000769e-9   5.00000000000000e-10
1.5629295196512082e-9   5.00000000000000e-10
