1.232846739442071e-7   5.00000000000000e-10
1.303621502071581e-7  3.982464201536242e-10
1.4474582988943235e-7  2.732023075332946e-10
1.3405182387914784e-7  2.1000319763870188e-10
1.2242744550784804e-7  1.4927900168303375e-10
1.2242744550784804e-7  1.1232490691687622e-10
1.2157617759008845e-7  7.984521263118493e-11
1.2855557319139058e-7  5.757021202448143e-11
1.3127493689252017e-7  4.853826362516967e-11
1.1181108156416964e-7  4.552936977975363e-11
9.86141859328832e-8  4.362779267265256e-11
8.69749002617787e-8  3.652259113562692e-11
7.459801523487956e-8  2.9297564840296525e-11
7.617600310246156e-8  2.2202247303214886e-11
7.724649590912517e-8  1.743422631678295e-11
6.135907273413188e-8  1.4286861055025874e-11
5.26274250254053e-8  1.2570473200142435e-11
4.5772650426188436e-8  1.1218700773308057e-11
4.451279331803784e-8  1.0598344536618757e-11
4.451279331803784e-8  8.204793299344812e-12
4.389592876656966e-8  6.442781278383876e-12
4.389592876656966e-8  4.779413441440913e-12
4.389592876656966e-8  3.806768586975914e-12
4.5772650426188436e-8  3.0320639242328447e-12
5.802783448666209e-8  3.3974057309177047e-12
7.204034061985124e-8  3.806768586975914e-12
9.069341548063822e-8  4.917301823943533e-12
1.050055178870415e-7  5.832308110131924e-12
1.133823501217852e-7  6.3518064403717535e-12
1.2073082874598804e-7  7.974718815955123e-12
1.2945571035046438e-7  1.0448691361110418e-11
1.3881111491086577e-7  1.5123118390081935e-11
1.4174741629268078e-7  1.7558634784595683e-11
1.5629295196512082e-7  2.4179857227758293e-11
1.6526535398566945e-7  2.88838706451453e-11
1.9268525622797464e-7  3.401581789151033e-11
2.1245782310305718e-7  3.757628550172425e-11
2.619279344815638e-7  4.092329961794509e-11
3.184419707833552e-7  4.393911516794646e-11
4.1512780027523033e-7  4.819435471186421e-11
4.268772698317898e-7  5.923114040275443e-11
4.482446879289317e-7  7.984521263118493e-11
4.451279331803784e-7  1.091751511597435e-10
4.451279331803784e-7  1.4927900168303375e-10
4.5138326597689935e-7  1.983907305614247e-10
4.577265042618844e-7  2.1915647468033717e-10
5.722367659350232e-7  2.712665829795293e-10
6.86062428617781e-7  3.5290251415210516e-10
8.111308307896889e-7  4.462322378278065e-10
8.69749002617787e-7   5.00000000000000e-10
7.564633275546321e-7   5.00000000000000e-10
6.579332246575696e-7   5.00000000000000e-10
5.336699231206323e-7   5.00000000000000e-10
4.5138326597689935e-7   5.00000000000000e-10
3.9810717055349856e-7   5.00000000000000e-10
2.8480358684358107e-7   5.00000000000000e-10
2.1847107184946067e-7   5.00000000000000e-10
1.5848931924611173e-7   5.00000000000000e-10
1.3593563908785298e-7   5.00000000000000e-10
1.232846739442071e-7   5.00000000000000e-10
